000000000000000000000000
000000010011000000110001
000000101000101011101111
000000111111111111101101
000001010111110001010000
000001101110101111100110
000010000011101001111000
000010010101010100101000
000010100010101110111101
000010101011000110111011
000010101101111101001010
000010101011000110111011
000010100010101110111101
000010010101010100101000
000010000011101001111000
000001101110101111100110
000001010111110001010000
000000111111111111101101
000000101000101011101111
000000010011000000110001
000000000000000000000000
