00010001001000001001001101100001
00100001100110100110111000111011
00101111000100000110111110111110
00111010110100100111001000000001
01000111100011110010001010110111
01010101011011110010110111101111
01010001110000101111111010110001
01001100001110010111001100000100
01000110001100001000010101001110
01000000011101010100101000001011
00111010011010011101000001111110
00110010110101010100010111001101
00101001011010111010110001100111
00011111010001001010100000100001
00010101101101101010011001100000
00001100111010101111010010100110
00000011110100100001010110000100
11111001100001010111000101011000
11101110011110100000100110110100
11100100000111101000110101101110
11011011010101100101001100111010
11010011100101011011111001100110
11001011101010001001101010100011
11000011001110101111110111100001
10111011010110101100000000100000
10110101010110100101110011110011
10110001011000001110000011011110
10101110010100110010011010111110
10101011001100001001101010101100
10101000010011010010010100011111
10100110111110100111111101110110
10101000000001011011101010101100
10101010110010101110100110110001
10101101111100100001101001110010
10110000111110011001100000101011
10110100110000100111000011000011
10111010011110111100000001101000
11000010001011110010100001100100
11001010100111110101001111010000
11010010100111111101000001101011
11011010010101100010101100111010
11100010111011101100010101011110
11101101000111010100111111110111
11111000001001111111011111100110
00000010100110101100110111001010
00001011110100101111110011001111
00010100100101100001100001100100
00011110000001011100111011100101
00101000001010001110111110011110
00110001101111101110010000100110
00111001100100011111000110110011
00111111101111101101001111110010
01000101011101001010001010010010
01001011011110000000111010011100
01010001001001011011001100101011
01010101000110110011010101101011
01010110110000101000011111001011
01010110111100110100011010011111
01010110111011100111010001000111
01010110111000111100010010111111
01010101101110011000010101100011
01010010010110000111010010111000
01001100111110010001001011000111
01000110111011100010110011110011
01000001001010101011110000011101
00111011001110110010111011101001
00110011111000111100100011001101
00101010101010110101101100111001
00100000100001100101101100110000
00010110110110101011011111101000
00001110000000011010011110010000
00000101000001000000010111100011
11111010110111111000110110011101
11101111110110011011100100110111
11100101010101010011000110001110
11011100010110101101101101100010
11010100100010101010001001000110
11001100101011110101010101000001
11000100010010001110111001000001
10111100010000011011010010000111
10110101111110101110001011011100
10110001110010111100111001110000
10101110101100110101101010110001
10101011100101101110010011000100
10101000100110110000011001001110
10100111000001001000011011010010
10100111110001010111111000001110
10101010011001100110110001110100
10101101100100000000010000100000
10110000100101010011010110001010
10110100001100101011100001100101
10111001101001010010100000100100
11000001001001100011111010110000
11001001100100111100100110110001
11010001101010000101001100010000
11011001010110011011101110110001
11100001110001011110010001001110
11101011110001000100111111110101
11110110110001111100111000111110
00000001010111100000111101000000
00001010101110010000110100111110
00010011011110001010101110100111
00011100110010100100001110010100
00100110111000111111100111100101
00110000101000001111001000101100
00111000101100110000111011001011
00111111000001101010101011110110
01000100101110101000001100001100
01001010101101011001110110010100
01010000100000010011011101100000
01010100101111010111010110101110
01010110101010010100010001100010
01010110111101010100101000001000
01010110111011000111101000100010
01010110111011010100001010101111
01010101111110100111111011011000
01010010111001011000001110000010
01001101101101100010101000100000
01000111101011010111111010110101
01000001110111111100101111110110
00111100000001101010000111010001
00110100111010100011100010100011
00101011111001110010101101000110
00100001110010100101110010101001
00011000000000101001011100101010
00001111000101111100110010000100
00000110001100001101101011000111
11111100001101011011010011000000
11110001001110111001000010111100
11100110100100101000101101011010
11011101011001000101111100001110
11010101011111110001001011111100
11001101101100110101010111010000
11000101010110000010110010101011
10111101001100000001001001101001
10110110101001000100111000111100
10110010001110110010000001000000
10101111000100110000000110000001
10101011111111010100000001000110
10101000111011101001110101011101
10100111000110000111100101100000
10100111100011010001100011001001
10101010000000111100111101100010
10101101001011001100111011100000
10110000001100110000001010010000
10110011101010101011100100110101
10111000110101110101001011000111
11000000001000010001010100000100
11001000100001100110000011011110
11010000101011101101010111101001
11011000011000000101001010101010
11100000101000111101011110100100
11101010011011111011110110001100
11110101011001011010111011011010
00000000000110111101010000010110
00001001100111000111100001110100
00010010010111011110011101000011
00011011100100100110000001001101
00100101100111011010000110010011
00101111011110111101101001011111
00110111110011001011101001111110
00111110010011000001100100110000
01000100000000100000100111011000
01001001111100101100101001100011
01001111110101100100000010010110
01010100010101011110010000001111
01010110100010010100011000010011
01010110111101100101011011110111
01010110111010110010111010011010
01010110111100110000011000100001
01010110001100100111011001101110
01010011011010011010111011001011
01001110011011111110110111110111
01001000011011100100010000101101
01000010100101010000110010010001
00111100110011001100111000000001
00110101111010000111111000110110
00101101000111100101010101000010
00100011000100000000110010101111
00011001001011100111010001111101
00010000001011100001100110010111
00000111010110001110100100011110
11111101100001110110010100011011
11110010100111101011101111101100
11100111110101100101100010011000
11011110011100110110100101010100
11010110011100111011010101000100
11001110101101001000101001101010
11000110011001111111010111101011
10111110001001010011101000101101
10110111010101101101000010001011
10110010101011111001010001110110
10101111011100100111111111111100
10101100011000110011110010100101
10101001010001110010001001001110
10100111001101100001111001011101
10100111010111010010001001001000
10101001101000111100101100001111
10101100110010001000000010111111
10101111110100100101000010000111
10110011001010011110001010011111
10111000000100100111111011101001
10111111001000000111101010100011
11000111011101111001001110111110
11001111101100101111110110000001
11010111011010010011100001001111
11011111100010000111000100001011
11101001001000000011101101101100
11110100000000100110001011001110
11111110110101000011010010100111
00001000011111001001110101011001
00010001010001010011111111000010
00011010010111100110010010100010
00100100010101101011100100100100
00101110010100000001110111110100
00110110110111101001111010000000
00111101100011100110001101010011
01000011010010101111110110111110
01001001001100000010101110101011
01001111001001011000111110000101
01010011111001001001001000011000
01010110011000011101111111011011
01010110111101011100111100000011
01010110111010101011101100011010
01010110111101011100111100000011
01010110011000011101111111011011
01010011111001001001001000011000
01001111001001011000111110000101
01001001001100000010101110101011
01000011010010101111110110111110
00111101100011100110001101010011
00110110110111101001111010000000
00101110010100000001110111110100
00100100010101101011100100100100
00011010010111100110010010100010
00010001010001010011111111000010
00001000011111001001110101011001
11111110110101000011010010100111
11110100000000100110001011001110
11101001001000000011101101101100
11011111100010000111000100001011
11010111011010010011100001001111
11001111101100101111110110000001
11000111011101111001001110111110
10111111001000000111101010100011
10111000000100100111111011101001
10110011001010011110001010011111
10101111110100100101000010000111
10101100110010001000000010111111
10101001101000111100101100001111
10100111010111010010001001001000
10100111001101100001111001011101
10101001010001110010001001001110
10101100011000110011110010100101
10101111011100100111111111111100
10110010101011111001010001110110
10110111010101101101000010001011
10111110001001010011101000101101
11000110011001111111010111101011
11001110101101001000101001101010
11010110011100111011010101000100
11011110011100110110100101010100
11100111110101100101100010011000
11110010100111101011101111101100
11111101100001110110010100011011
00000111010110001110100100011110
00010000001011100001100110010111
00011001001011100111010001111101
00100011000100000000110010101111
00101101000111100101010101000010
00110101111010000111111000110110
00111100110011001100111000000001
01000010100101010000110010010001
01001000011011100100010000101101
01001110011011111110110111110111
01010011011010011010111011001011
01010110001100100111011001101110
01010110111100110000011000100001
01010110111010110010111010011010
01010110111101100101011011110111
01010110100010010100011000010011
01010100010101011110010000001111
01001111110101100100000010010110
01001001111100101100101001100011
01000100000000100000100111011000
00111110010011000001100100110000
00110111110011001011101001111110
00101111011110111101101001011111
00100101100111011010000110010011
00011011100100100110000001001101
00010010010111011110011101000011
00001001100111000111100001110100
00000000000110111101010000010110
11110101011001011010111011011010
11101010011011111011110110001100
11100000101000111101011110100100
11011000011000000101001010101010
11010000101011101101010111101001
11001000100001100110000011011110
11000000001000010001010100000100
10111000110101110101001011000111
10110011101010101011100100110101
10110000001100110000001010010000
10101101001011001100111011100000
10101010000000111100111101100010
10100111100011010001100011001001
10100111000110000111100101100000
10101000111011101001110101011101
10101011111111010100000001000110
10101111000100110000000110000001
10110010001110110010000001000000
10110110101001000100111000111100
10111101001100000001001001101001
11000101010110000010110010101011
11001101101100110101010111010000
11010101011111110001001011111100
11011101011001000101111100001110
11100110100100101000101101011010
11110001001110111001000010111100
11111100001101011011010011000000
00000110001100001101101011000111
00001111000101111100110010000100
00011000000000101001011100101010
00100001110010100101110010101001
00101011111001110010101101000110
00110100111010100011100010100011
00111100000001101010000111010001
01000001110111111100101111110110
01000111101011010111111010110101
01001101101101100010101000100000
01010010111001011000001110000010
01010101111110100111111011011000
01010110111011010100001010101111
01010110111011000111101000100010
01010110111101010100101000001000
01010110101010010100010001100010
01010100101111010111010110101110
01010000100000010011011101100000
01001010101101011001110110010100
01000100101110101000001100001100
00111111000001101010101011110110
00111000101100110000111011001011
00110000101000001111001000101100
00100110111000111111100111100101
00011100110010100100001110010100
00010011011110001010101110100111
00001010101110010000110100111110
00000001010111100000111101000000
11110110110001111100111000111110
11101011110001000100111111110101
11100001110001011110010001001110
11011001010110011011101110110001
11010001101010000101001100010000
11001001100100111100100110110001
11000001001001100011111010110000
10111001101001010010100000100100
10110100001100101011100001100101
10110000100101010011010110001010
10101101100100000000010000100000
10101010011001100110110001110100
10100111110001010111111000001110
10100111000001001000011011010010
10101000100110110000011001001110
10101011100101101110010011000100
10101110101100110101101010110001
10110001110010111100111001110000
10110101111110101110001011011100
10111100010000011011010010000111
11000100010010001110111001000001
11001100101011110101010101000001
11010100100010101010001001000110
11011100010110101101101101100010
11100101010101010011000110001110
11101111110110011011100100110111
11111010110111111000110110011101
00000101000001000000010111100011
00001110000000011010011110010000
00010110110110101011011111101000
00100000100001100101101100110000
00101010101010110101101100111001
00110011111000111100100011001101
00111011001110110010111011101001
01000001001010101011110000011101
01000110111011100010110011110011
01001100111110010001001011000111
01010010010110000111010010111000
01010101101110011000010101100011
01010110111000111100010010111111
01010110111011100111010001000111
01010110111100110100011010011111
01010110110000101000011111001011
01010101000110110011010101101011
01010001001001011011001100101011
01001011011110000000111010011100
01000101011101001010001010010010
00111111101111101101001111110010
00111001100100011111000110110011
00110001101111101110010000100110
00101000001010001110111110011110
00011110000001011100111011100101
00010100100101100001100001100100
00001011110100101111110011001111
00000010100110101100110111001010
11111000001001111111011111100110
11101101000111010100111111110111
11100010111011101100010101011110
11011010010101100010101100111010
11010010100111111101000001101011
11001010100111110101001111010000
11000010001011110010100001100100
10111010011110111100000001101000
10110100110000100111000011000011
10110000111110011001100000101011
10101101111100100001101001110010
10101010110010101110100110110001
10101000000001011011101010101100
10100110111110100111111101110110
10101000010011010010010100011111
10101011001100001001101010101100
10101110010100110010011010111110
10110001011000001110000011011110
10110101010110100101110011110011
10111011010110101100000000100000
11000011001110101111110111100001
11001011101010001001101010100011
11010011100101011011111001100110
11011011010101100101001100111010
11100100000111101000110101101110
11101110011110100000100110110100
11111001100001010111000101011000
00000011110100100001010110000100
00001100111010101111010010100110
00010101101101101010011001100000
00011111010001001010100000100001
00101001011010111010110001100111
00110010110101010100010111001101
00111010011010011101000001111110
01000000011101010100101000001011
01000110001100001000010101001110
01001100001110010111001100000100
01010001110000101111111010110001
01010101011011110010110111101111
01010110110101011100100000101001
01010110111100001101100001000100
01010110111100001101100001000100
01010110110101011100100000101001
01010101011011110010110111101111
01010001110000101111111010110001
01001100001110010111001100000100
01000110001100001000010101001110
01000000011101010100101000001011
00111010011010011101000001111110
00110010110101010100010111001101
00101001011010111010110001100111
00011111010001001010100000100001
00010101101101101010011001100000
00001100111010101111010010100110
00000011110100100001010110000100
11111001100001010111000101011000
11101110011110100000100110110100
11100100000111101000110101101110
11011011010101100101001100111010
11010011100101011011111001100110
11001011101010001001101010100011
11000011001110101111110111100001
10111011010110101100000000100000
10110101010110100101110011110011
10110001011000001110000011011110
10101110010100110010011010111110
10101011001100001001101010101100
10101000010011010010010100011111
10100110111110100111111101110110
10101000000001011011101010101100
10101010110010101110100110110001
10101101111100100001101001110010
10110000111110011001100000101011
10110100110000100111000011000011
10111010011110111100000001101000
11000010001011110010100001100100
11001010100111110101001111010000
11010010100111111101000001101011
11011010010101100010101100111010
11100010111011101100010101011110
11101101000111010100111111110111
11111000001001111111011111100110
00000010100110101100110111001010
00001011110100101111110011001111
00010100100101100001100001100100
00011110000001011100111011100101
00101000001010001110111110011110
00110001101111101110010000100110
00111001100100011111000110110011
00111111101111101101001111110010
01000101011101001010001010010010
01001011011110000000111010011100
01010001001001011011001100101011
01010101000110110011010101101011
01010110110000101000011111001011
01010110111100110100011010011111
01010110111011100111010001000111
01010110111000111100010010111111
01010101101110011000010101100011
01010010010110000111010010111000
01001100111110010001001011000111
01000110111011100010110011110011
01000001001010101011110000011101
00111011001110110010111011101001
00110011111000111100100011001101
00101010101010110101101100111001
00100000100001100101101100110000
00010110110110101011011111101000
00001110000000011010011110010000
00000101000001000000010111100011
11111010110111111000110110011101
11101111110110011011100100110111
11100101010101010011000110001110
11011100010110101101101101100010
11010100100010101010001001000110
11001100101011110101010101000001
11000100010010001110111001000001
10111100010000011011010010000111
10110101111110101110001011011100
10110001110010111100111001110000
10101110101100110101101010110001
10101011100101101110010011000100
10101000100110110000011001001110
10100111000001001000011011010010
10100111110001010111111000001110
10101010011001100110110001110100
10101101100100000000010000100000
10110000100101010011010110001010
10110100001100101011100001100101
10111001101001010010100000100100
11000001001001100011111010110000
11001001100100111100100110110001
11010001101010000101001100010000
11011001010110011011101110110001
11100001110001011110010001001110
11101011110001000100111111110101
11110110110001111100111000111110
00000001010111100000111101000000
00001010101110010000110100111110
00010011011110001010101110100111
00011100110010100100001110010100
00100110111000111111100111100101
00110000101000001111001000101100
00111000101100110000111011001011
00111111000001101010101011110110
01000100101110101000001100001100
01001010101101011001110110010100
01010000100000010011011101100000
01010100101111010111010110101110
01010110101010010100010001100010
01010110111101010100101000001000
01010110111011000111101000100010
01010110111011010100001010101111
01010101111110100111111011011000
01010010111001011000001110000010
01001101101101100010101000100000
01000111101011010111111010110101
01000001110111111100101111110110
00111100000001101010000111010001
00110100111010100011100010100011
00101011111001110010101101000110
00100001110010100101110010101001
00011000000000101001011100101010
00001111000101111100110010000100
00000110001100001101101011000111
11111100001101011011010011000000
11110001001110111001000010111100
11100110100100101000101101011010
11011101011001000101111100001110
11010101011111110001001011111100
11001101101100110101010111010000
11000101010110000010110010101011
10111101001100000001001001101001
10110110101001000100111000111100
10110010001110110010000001000000
10101111000100110000000110000001
10101011111111010100000001000110
10101000111011101001110101011101
10100111000110000111100101100000
10100111100011010001100011001001
10101010000000111100111101100010
10101101001011001100111011100000
10110000001100110000001010010000
10110011101010101011100100110101
10111000110101110101001011000111
11000000001000010001010100000100
11001000100001100110000011011110
11010000101011101101010111101001
11011000011000000101001010101010
11100000101000111101011110100100
11101010011011111011110110001100
11110101011001011010111011011010
00000000000110111101010000010110
00001001100111000111100001110100
00010010010111011110011101000011
00011011100100100110000001001101
00100101100111011010000110010011
00101111011110111101101001011111
00110111110011001011101001111110
00111110010011000001100100110000
01000100000000100000100111011000
01001001111100101100101001100011
01001111110101100100000010010110
01010100010101011110010000001111
01010110100010010100011000010011
01010110111101100101011011110111
01010110111010110010111010011010
01010110111100110000011000100001
01010110001100100111011001101110
01010011011010011010111011001011
01001110011011111110110111110111
01001000011011100100010000101101
01000010100101010000110010010001
00111100110011001100111000000001
00110101111010000111111000110110
00101101000111100101010101000010
00100011000100000000110010101111
00011001001011100111010001111101
00010000001011100001100110010111
00000111010110001110100100011110
11111101100001110110010100011011
11110010100111101011101111101100
11100111110101100101100010011000
11011110011100110110100101010100
11010110011100111011010101000100
11001110101101001000101001101010
11000110011001111111010111101011
10111110001001010011101000101101
10110111010101101101000010001011
10110010101011111001010001110110
10101111011100100111111111111100
10101100011000110011110010100101
10101001010001110010001001001110
10100111001101100001111001011101
10100111010111010010001001001000
10101001101000111100101100001111
10101100110010001000000010111111
10101111110100100101000010000111
10110011001010011110001010011111
10111000000100100111111011101001
10111111001000000111101010100011
11000111011101111001001110111110
11001111101100101111110110000001
11010111011010010011100001001111
11011111100010000111000100001011
11101001001000000011101101101100
11110100000000100110001011001110
11111110110101000011010010100111
00001000011111001001110101011001
00010001010001010011111111000010
00011010010111100110010010100010
00100100010101101011100100100100
00101110010100000001110111110100
00110110110111101001111010000000
00111101100011100110001101010011
01000011010010101111110110111110
01001001001100000010101110101011
01001111001001011000111110000101
01010011111001001001001000011000
01010110011000011101111111011011
01010110111101011100111100000011
01010110111010101011101100011010
01010110111101011100111100000011
01010110011000011101111111011011
01010011111001001001001000011000
01001111001001011000111110000101
01001001001100000010101110101011
01000011010010101111110110111110
00111101100011100110001101010011
00110110110111101001111010000000
00101110010100000001110111110100
00100100010101101011100100100100
00011010010111100110010010100010
00010001010001010011111111000010
00001000011111001001110101011001
11111110110101000011010010100111
11110100000000100110001011001110
11101001001000000011101101101100
11011111100010000111000100001011
11010111011010010011100001001111
11001111101100101111110110000001
11000111011101111001001110111110
10111111001000000111101010100011
10111000000100100111111011101001
10110011001010011110001010011111
10101111110100100101000010000111
10101100110010001000000010111111
10101001101000111100101100001111
10100111010111010010001001001000
10100111001101100001111001011101
10101001010001110010001001001110
10101100011000110011110010100101
10101111011100100111111111111100
10110010101011111001010001110110
10110111010101101101000010001011
10111110001001010011101000101101
11000110011001111111010111101011
11001110101101001000101001101010
11010110011100111011010101000100
11011110011100110110100101010100
11100111110101100101100010011000
11110010100111101011101111101100
11111101100001110110010100011011
00000111010110001110100100011110
00010000001011100001100110010111
00011001001011100111010001111101
00100011000100000000110010101111
00101101000111100101010101000010
00110101111010000111111000110110
00111100110011001100111000000001
01000010100101010000110010010001
01001000011011100100010000101101
01001110011011111110110111110111
01010011011010011010111011001011
01010110001100100111011001101110
01010110111100110000011000100001
01010110111010110010111010011010
01010110111101100101011011110111
01010110100010010100011000010011
01010100010101011110010000001111
01001111110101100100000010010110
01001001111100101100101001100011
01000100000000100000100111011000
00111110010011000001100100110000
00110111110011001011101001111110
00101111011110111101101001011111
00100101100111011010000110010011
00011011100100100110000001001101
00010010010111011110011101000011
00001001100111000111100001110100
00000000000110111101010000010110
11110101011001011010111011011010
11101010011011111011110110001100
11100000101000111101011110100100
11011000011000000101001010101010
11010000101011101101010111101001
11001000100001100110000011011110
11000000001000010001010100000100
10111000110101110101001011000111
10110011101010101011100100110101
10110000001100110000001010010000
10101101001011001100111011100000
10101010000000111100111101100010
10100111100011010001100011001001
10100111000110000111100101100000
10101000111011101001110101011101
10101011111111010100000001000110
10101111000100110000000110000001
10110010001110110010000001000000
10110110101001000100111000111100
10111101001100000001001001101001
11000101010110000010110010101011
11001101101100110101010111010000
11010101011111110001001011111100
11011101011001000101111100001110
11100110100100101000101101011010
11110001001110111001000010111100
11111100001101011011010011000000
00000110001100001101101011000111
00001111000101111100110010000100
00011000000000101001011100101010
00100001110010100101110010101001
00101011111001110010101101000110
00110100111010100011100010100011
00111100000001101010000111010001
01000001110111111100101111110110
01000111101011010111111010110101
01001101101101100010101000100000
01010010111001011000001110000010
01010101111110100111111011011000
01010110111011010100001010101111
01010110111011000111101000100010
01010110111101010100101000001000
01010110101010010100010001100010
01010100101111010111010110101110
01010000100000010011011101100000
01001010101101011001110110010100
01000100101110101000001100001100
00111111000001101010101011110110
00111000101100110000111011001011
00110000101000001111001000101100
00100110111000111111100111100101
00011100110010100100001110010100
00010011011110001010101110100111
00001010101110010000110100111110
00000001010111100000111101000000
11110110110001111100111000111110
11101011110001000100111111110101
11100001110001011110010001001110
11011001010110011011101110110001
11010001101010000101001100010000
11001001100100111100100110110001
11000001001001100011111010110000
10111001101001010010100000100100
10110100001100101011100001100101
10110000100101010011010110001010
10101101100100000000010000100000
10101010011001100110110001110100
10100111110001010111111000001110
10100111000001001000011011010010
10101000100110110000011001001110
10101011100101101110010011000100
10101110101100110101101010110001
10110001110010111100111001110000
10110101111110101110001011011100
10111100010000011011010010000111
11000100010010001110111001000001
11001100101011110101010101000001
11010100100010101010001001000110
11011100010110101101101101100010
11100101010101010011000110001110
11101111110110011011100100110111
11111010110111111000110110011101
00000101000001000000010111100011
00001110000000011010011110010000
00010110110110101011011111101000
00100000100001100101101100110000
00101010101010110101101100111001
00110011111000111100100011001101
00111011001110110010111011101001
01000001001010101011110000011101
01000110111011100010110011110011
01001100111110010001001011000111
01010010010110000111010010111000
01010101101110011000010101100011
01010110111000111100010010111111
01010110111011100111010001000111
01010110111100110100011010011111
01010110110000101000011111001011
01010101000110110011010101101011
01010001001001011011001100101011
01001011011110000000111010011100
01000101011101001010001010010010
00111111101111101101001111110010
00111001100100011111000110110011
00110001101111101110010000100110
00101000001010001110111110011110
00011110000001011100111011100101
00010100100101100001100001100100
00001011110100101111110011001111
00000010100110101100110111001010
11111000001001111111011111100110
11101101000111010100111111110111
11100010111011101100010101011110
11011010010101100010101100111010
11010010100111111101000001101011
11001010100111110101001111010000
11000010001011110010100001100100
10111010011110111100000001101000
10110100110000100111000011000011
10110000111110011001100000101011
10101101111100100001101001110010
10101010110010101110100110110001
10101000000001011011101010101100
10100110111110100111111101110110
10101000010011010010010100011111
10101011001100001001101010101100
10101110010100110010011010111110
10110001011000001110000011011110
10110101010110100101110011110011
10111011010110101100000000100000
11000011001110101111110111100001
11001011101010001001101010100011
11010011100101011011111001100110
11011011010101100101001100111010
11100100000111101000110101101110
11101110011110100000100110110100
11111001100001010111000101011000
00000011110100100001010110000100
00001100111010101111010010100110
00010101101101101010011001100000
00011111010001001010100000100001
00101001011010111010110001100111
00110010110101010100010111001101
00111010011010011101000001111110
01000000011101010100101000001011
01000110001100001000010101001110
01001100001110010111001100000100
01010001110000101111111010110001
01010101011011110010110111101111
01010110110101011100100000101001
01010110111100001101100001000100
01010110111100001101100001000100
01010110110101011100100000101001
01010101011011110010110111101111
01010001110000101111111010110001
01001100001110010111001100000100
01000110001100001000010101001110
01000000011101010100101000001011
00111010011010011101000001111110
00110010110101010100010111001101
00101001011010111010110001100111
00011111010001001010100000100001
00010101101101101010011001100000
00001100111010101111010010100110
00000011110100100001010110000100
11111001100001010111000101011000
11101110011110100000100110110100
11100100000111101000110101101110
11011011010101100101001100111010
11010011100101011011111001100110
11001011101010001001101010100011
11000011001110101111110111100001
10111011010110101100000000100000
10110101010110100101110011110011
10110001011000001110000011011110
10101110010100110010011010111110
10101011001100001001101010101100
10101000010011010010010100011111
10100110111110100111111101110110
10101000000001011011101010101100
10101010110010101110100110110001
10101101111100100001101001110010
10110000111110011001100000101011
10110100110000100111000011000011
10111010011110111100000001101000
11000010001011110010100001100100
11001010100111110101001111010000
11010010100111111101000001101011
11011010010101100010101100111010
11100010111011101100010101011110
11101101000111010100111111110111
11111000001001111111011111100110
00000010100110101100110111001010
00001011110100101111110011001111
00010100100101100001100001100100
00011110000001011100111011100101
00101000001010001110111110011110
00110001101111101110010000100110
00111001100100011111000110110011
00111111101111101101001111110010
01000101011101001010001010010010
01001011011110000000111010011100
01010001001001011011001100101011
01010101000110110011010101101011
01010110110000101000011111001011
01010110111100110100011010011111
01010110111011100111010001000111
01010110111000111100010010111111
01010101101110011000010101100011
01010010010110000111010010111000
01001100111110010001001011000111
01000110111011100010110011110011
01000001001010101011110000011101
00111011001110110010111011101001
00110011111000111100100011001101
00101010101010110101101100111001
00100000100001100101101100110000
00010110110110101011011111101000
00001110000000011010011110010000
00000101000001000000010111100011
11111010110111111000110110011101
11101111110110011011100100110111
11100101010101010011000110001110
11011100010110101101101101100010
11010100100010101010001001000110
11001100101011110101010101000001
11000100010010001110111001000001
10111100010000011011010010000111
10110101111110101110001011011100
10110001110010111100111001110000
10101110101100110101101010110001
10101011100101101110010011000100
10101000100110110000011001001110
10100111000001001000011011010010
10100111110001010111111000001110
10101010011001100110110001110100
10101101100100000000010000100000
10110000100101010011010110001010
10110100001100101011100001100101
10111001101001010010100000100100
11000001001001100011111010110000
11001001100100111100100110110001
11010001101010000101001100010000
11011001010110011011101110110001
11100001110001011110010001001110
11101011110001000100111111110101
11110110110001111100111000111110
00000001010111100000111101000000
00001010101110010000110100111110
00010011011110001010101110100111
00011100110010100100001110010100
00100110111000111111100111100101
00110000101000001111001000101100
00111000101100110000111011001011
00111111000001101010101011110110
01000100101110101000001100001100
01001010101101011001110110010100
01010000100000010011011101100000
01010100101111010111010110101110
01010110101010010100010001100010
01010110111101010100101000001000
01010110111011000111101000100010
01010110111011010100001010101111
01010101111110100111111011011000
01010010111001011000001110000010
01001101101101100010101000100000
