011011001100110011001100
011000010000101000101111
010010101100100010110011
010000011111001011101010
010011011000010011000011
010110110111010010001100
010101011100001100111010
001111000010110010110011
001001001000111000000100
001000011000101000110000
001011001111001111111111
001011110001111101110010
000110101001010011011111
111110111110001111110101
111010110010100011110000
111100000001111111101000
111110010100101000011011
111100000111010000101110
110101001011011010000010
101110111010100000011110
101110000101111001000010
110001010101010101000110
110010101111101101110011
101110110011111100101111
101000100000100111001100
100101110111011000000011
101000111100111111011010
101101011111100010100010
101101110101111110001100
101001100100110100110111
100101111110001110011110
100111110111111000111011
101110000001111011111111
110010100011000111000100
110001101111000000110001
101110011000000101001100
101110011110010001110101
110100001110001111101101
111011011011100111001111
111110010111011011100000
111100011001010000000111
111010101011111011001010
111110001001111100001000
000101101100110010110001
001011011100101001001111
001011100011100011000010
001000101001011110101011
001000101110011100111101
001110001001001011010000
010100110101100001111011
010111000001100110011111
010011111010110000100101
010000100111001001110100
010010001000101100101101
010111100101001111001010
011011001001100010101011
011000111001001001010111
010011010100001010000110
010000011100111011000110
010010110110100001100100
010110100111100001110110
010101111101010110111110
001111111100111110111001
001001101001000011101010
001000001011110101000001
001010111000011001000100
001100000000111110010000
000111100010111111110000
111111110110011100100001
111010111111001110111100
111011101011111001101101
111110001100110100000010
111100101101101000100010
110110001001010011001111
101111011100110001110110
101101111000001101001010
110000111001100101100000
110010110110010101101111
101111100011010010110110
101001001101011000010001
100101110110111000001110
101000010110101111011001
101101000100011010001011
101110000111001110100010
101010001101010111101000
100110001011001011001110
100111010011111000000110
101101001110000100100110
110010010000100010100010
110010000101110101100010
101110101110000110010000
101110001000010100111011
110011010010101100011010
111010101011001100010011
111110010100110000010100
111100110000110011000010
111010101011000011100000
111101011010001011000101
000100101110010010010110
001011000001000011010011
001011110100100000000001
001000111101101010011101
001000011001111111101110
001101010001000000000100
010100001001110111011110
010111000110000011000100
010100011101000001110001
010000110100100010010001
010001101001010000001101
010110110111110001110000
011010111111110101001000
011001011101111111010010
010011111110110100111110
010000100000100011101100
010010010110010011010110
010110010010110111111000
010110011000100101100001
010000110110110110101100
001010001110101010100111
001000000011101010011101
001010011111110011101101
001100001001110000000010
001000011001000110011001
000000110001110011011001
111011010010000110011110
111011010111110101000000
111110000000100001111011
111101001110010101011111
110111000111000010010111
110000000100101111010101
101101101111100111010110
110000011100100111111101
110010110111000110000001
110000001111001110000111
101001111101011100101000
100101111100110111010110
100111110010111011010001
101100100101001010001001
101110010010111100000100
101010110101101111000010
100110011101110110100000
100110110101001001100100
101100011001001101010010
110001111000001001001100
110010011001000100010110
101111000111001100000111
101101111000110000110100
110010011001100110011001
111001110110100110011011
111110001100010001000100
